620
252950
381210
289070
264710
477160
620980
541210
242920
504230
240720
253230
728880
732810
242760
688130
621060
282560
577800
1225330
258180
686600
583950
292730
1128000
841370
247730
2870
1056960
285190
236510
834910
1180380
792990
390340
723390
1015500
334040
332200
275390
250900
206440
200900
297130
250760
40800
611760
247240
428550
311690
385560
283640
322110
367520
583470
427520
294100
581320
646570
227300
431960
640820
787860
690830
899440
233860
590380
552500
1222700
397540
814380
779340
1190460
629760
546560
782330
1017900
1055540
1089980
1158310